29	26	-1
36	27	-14
28	24	-9
28	19	-16
19	14	-17
15	19	-17
17	25	-18
15	26	-16
21	29	-10
26	25	-15
37	31	-10
30	37	-5
13	33	-21
12	42	-20
23	38	-10
25	47	-8
18	42	-13
12	52	-16
21	57	-11
42	31	-11
47	35	-10
44	45	-9
40	49	-4
33	48	-9
33	57	-8
8	61	-11
10	65	-5
6	16	-15
5	21	-19
4	29	-20
7	27	-12
11	40	-7
8	36	-17
5	44	-18
7	38	-12
9	48	-5
6	51	-16
8	56	-8
11	53	-1
39	33	-1
50	35	-4
42	39	2
46	33	10
52	31	1
54	28	8
41	27	8
32	29	8
47	19	9
35	19	13
41	12	10
48	12	4
51	12	10
54	18	17
55	23	18
42	22	18
38	15	21
45	9	17
20	61	0
22	53	-5
31	50	-3
25	49	4
25	56	9
25	49	15
35	50	14
38	52	9
37	54	3
37	43	7
37	43	17
33	45	22
25	41	20
27	35	28
36	34	30
40	40	25
37	33	14
43	29	21
47	35	23
46	29	29
44	23	29
33	31	36
9	57	5
11	64	7
10	53	9
15	46	9
8	52	17
14	63	14
19	58	17
8	60	22
9	45	22
15	37	20
9	44	30
8	56	29
22	53	24
25	47	30
22	40	30
17	46	36
8	52	35
8	47	41
8	34	34
14	29	29
14	18	37
9	26	38
8	33	43
8	39	48
18	37	43
22	30	37
21	24	42
20	30	49
11	32	52
9	18	48
11	12	44
14	4	42
8	6	50
9	16	60
9	24	56
21	21	54
22	14	48
23	4	47
22	12	57
14	7	59
24	3	59
20	-3	60
8	3	63
9	-2	57
10	-5	48
11	-5	66
29	25	40
38	27	42
41	18	47
32	17	45
38	19	32
33	13	28
42	17	39
37	5	35
32	11	51
41	6	49
39	7	42
27	2	45
30	4	50
43	3	15
48	4	10
57	4	7
54	-2	11
61	2	16
57	6	13
50	5	22
49	6	29
58	5	31
55	-3	21
47	-6	28
56	0	38
48	2	38
41	-2	42
51	-2	46
46	-8	36
39	-13	34
33	-17	41
42	-9	45
44	-4	53
31	-7	45
23	-7	48
34	-9	52
41	-10	59
38	-13	52
34	-22	47
27	-23	48
26	-21	59
34	-16	65
24	-11	54
26	-13	65
18	-22	63
18	-26	54
10	-28	65
15	-18	71
14	-12	61
5	-23	65
5	-31	61
8	-38	66
10	-35	55
7	-28	54
18	-39	50
19	-34	42
18	-26	39
12	-25	48
12	-15	46
6	-15	52
6	-13	64
6	28	-6
7	37	-2
9	41	6
9	37	14
6	31	20
7	26	26
7	18	30
6	10	34
7	2	38
12	-9	39
5	-5	34
5	-17	32
6	-24	38
14	-19	37
12	-30	38
7	-36	41
5	-33	32
11	-38	33
6	-45	30
6	-47	21
9	-49	10
27	-55	8
17	-47	5
50	-8	15
45	-13	21
52	-16	19
61	-17	20
61	-10	16
63	-5	13
64	-7	24
62	-9	32
51	-9	27
57	-10	36
56	-17	30
50	-19	38
57	-13	41
45	-17	38
45	-17	48
55	-14	48
50	-18	55
47	-24	50
42	-27	45
38	-31	50
45	-25	60
37	-25	49
36	-27	57
37	-32	62
31	-34	51
24	-34	59
30	-29	67
22	-30	56
23	-29	68
10	-34	66
14	-32	73
47	-23	21
37	-27	22
42	-34	20
50	-36	26
52	-22	23
58	-25	28
62	-24	33
60	-33	37
62	-38	31
63	-38	23
55	-40	42
56	-31	45
54	-26	38
48	-35	41
41	-36	36
43	-28	37
31	-36	43
29	-42	54
18	-40	64
16	-49	67
25	-45	59
32	-47	61
36	-43	49
33	-41	40
30	-49	43
35	-50	56
17	-52	57
14	-61	60
24	-58	58
26	-54	52
29	-58	45
22	-64	50
13	-69	54
21	-64	41
26	-57	40
29	-61	29
25	-72	37
19	-72	44
22	-83	37
26	-78	29
29	-68	23
25	-78	22
19	-85	29
54	-46	27
54	-49	40
53	-43	37
40	-45	35
41	-52	39
50	-55	43
40	-59	44
35	-64	38
42	-64	36
39	-67	45
37	-73	38
35	-67	29
35	-73	21
36	-78	31
40	-81	22
42	-71	26
45	-75	17
47	-69	13
40	-63	15
42	-55	13
40	-63	24
47	-64	30
50	-58	26
50	-58	35
52	-51	31
49	-44	22
45	-50	20
50	-55	17
14	-41	63
10	-47	61
9	-51	54
8	-46	46
15	-45	49
8	-41	41
15	-47	40
11	-51	27
12	-54	37
8	-57	47
8	-65	45
7	-60	37
12	-64	35
14	-69	41
22	-72	36
21	-71	27
20	-61	31
25	-61	20
17	-58	25
6	-60	27
7	-56	18
15	-53	16
24	-59	12
19	-64	16
15	-73	23
8	-66	18
6	-81	31
14	-79	35
6	-75	22
12	-88	27
12	-91	15
6	-83	22
6	-88	12
18	-91	2
14	-86	7
14	-77	7
7	-71	10
18	-72	11
24	-68	9
14	-68	15
7	-74	16
13	-79	15
10	-89	9
16	-94	-5
25	-93	-7
30	-89	-8
29	-94	-2
19	-99	-1
24	-94	13
28	-89	4
29	-88	13
17	-100	8
14	-97	15
22	-89	20
26	-83	17
35	-83	15
34	-79	4
42	-83	-7
41	-83	0
37	-75	10
48	-77	6
45	-72	3
10	-88	-6
5	-86	-2
5	-71	8
12	-78	-1
18	-82	-8
18	-74	-3
25	-69	1
29	-53	-2
23	-60	-2
11	-69	0
6	-63	9
16	-58	0
10	-57	4
24	-59	4
15	-48	-2
22	-50	0
23	-48	-4
23	-83	-4
29	-78	-3
37	-77	-7
33	-70	-7
45	-72	-9
46	-63	-7
40	-61	-11
30	-65	-3
30	-58	-8
43	-54	-12
42	-47	-14
29	-49	-9
36	-44	-8
30	-40	-13
36	-35	-14
42	-38	-15
37	-30	-19
40	-22	-19
39	-13	-21
37	-6	-27
36	-4	-33
32	1	-35
17	-37	-6
31	-39	-6
22	-30	-12
37	-32	-11
28	-25	-17
29	-20	-22
25	-12	-25
27	-2	-28
27	8	-32
38	18	-27
33	17	-30
43	-60	1
49	-51	-9
57	-55	-8
52	-59	-3
56	-47	-9
56	-47	-15
56	-38	-18
50	-36	-15
54	-32	-15
58	-27	-22
50	-24	-20
48	-17	-24
58	-20	-24
54	-14	-28
44	-10	-26
48	-7	-33
43	1	-28
47	-5	-29
37	1	-31
48	-58	8
58	-53	10
54	-59	6
59	-51	1
65	-39	-2
58	-42	-5
65	-34	-8
59	-28	-12
66	-25	-8
52	-26	-8
65	-17	-12
59	-16	-16
53	-18	-12
52	-10	-16
63	-9	-16
54	-9	-21
58	0	-22
50	-3	-23
51	8	-26
44	11	-30
46	-42	14
53	-45	9
59	-41	-1
54	-35	9
49	-31	4
47	-40	2
47	-35	-1
61	-34	19
61	-36	12
66	-32	13
49	-32	14
43	-30	11
51	-24	8
62	-21	8
67	-26	5
59	-20	1
66	-16	5
46	-17	-2
55	-5	0
64	-8	0
50	-19	-2
45	-26	-2
48	-15	-8
61	-3	-3
48	-9	-8
53	6	-7
57	1	-8
49	-7	-13
49	2	-19
54	12	-11
46	-3	-13
47	6	-17
49	16	-17
44	13	-23
43	14	-21
51	-14	6
43	-21	10
37	-26	13
-16	16	-17
-25	14	-17
-26	19	-10
-27	27	0
-28	29	2
-36	23	-11
-31	23	-16
-36	29	-10
-24	29	-9
-20	24	-12
-15	24	-16
-14	33	-19
-11	45	-19
-16	40	-16
-22	36	8
-25	44	-8
-18	48	-12
-27	57	-9
-21	57	-11
-12	57	-14
-45	31	-11
-45	39	-11
-43	44	-9
-34	45	-8
-40	49	-7
-35	54	-6
-10	60	-9
-10	65	-3
-6	18	-14
-7	23	-17
-6	34	-21
-4	28	-22
-8	26	-11
-11	35	-10
-4	39	-21
-5	48	-18
-12	43	-8
-14	47	0
-8	52	-6
-6	57	-12
-40	33	-5
-49	34	-3
-43	39	3
-43	33	9
-52	29	5
-40	29	5
-31	30	6
-32	17	14
-38	22	12
-50	22	9
-41	9	12
-47	11	3
-52	14	10
-53	19	20
-47	24	18
-41	17	21
-40	9	21
-47	11	14
-20	54	2
-29	51	-1
-22	55	3
-27	46	8
-35	52	5
-39	44	7
-37	49	15
-31	47	16
-29	37	20
-37	44	22
-36	40	15
-37	32	17
-44	34	20
-40	38	27
-34	32	30
-28	32	33
-42	28	33
-44	29	26
-36	24	24
-11	56	4
-10	64	7
-18	61	8
-16	61	13
-8	60	18
-9	52	11
-13	48	6
-14	42	17
-7	48	21
-8	57	27
-14	53	26
-20	55	21
-23	52	17
-22	44	24
-21	40	30
-21	47	31
-13	48	35
-7	51	35
-7	37	32
-13	34	24
-13	26	31
-8	30	36
-7	44	43
-15	4	42
-19	32	34
-20	24	37
-20	31	47
-9	35	48
-6	29	45
-8	19	43
-12	13	39
-8	27	54
-17	26	50
-21	23	46
-20	12	47
-19	18	56
-8	19	58
-8	10	45
-11	-1	45
-8	5	54
-9	13	60
-18	11	59
-19	5	52
-19	-5	51
-18	3	62
-10	3	65
-6	-2	57
-5	-6	51
-17	-7	59
-10	-7	65
-34	5	28
-34	16	28
-43	23	36
-36	25	41
-28	22	36
-28	16	42
-29	11	52
-42	18	44
-36	8	35
-39	9	44
-39	9	51
-34	22	47
-25	1	45
-40	1	15
-46	-5	13
-55	-1	9
-55	5	5
-50	4	16
-56	6	22
-58	-2	15
-56	-1	31
-42	3	25
-53	5	30
-42	-1	33
-53	-1	38
-49	-6	26
-42	-10	31
-41	-13	39
-52	-6	44
-47	2	43
-42	-4	43
-45	-8	49
-38	-11	49
-33	-17	39
-34	-23	46
-38	-20	52
-40	-9	59
-35	-7	50
-27	-9	45
-23	-12	54
-26	-14	64
-33	-14	64
-26	-22	60
-22	-25	50
-16	-24	59
-22	-18	68
-12	-16	66
-10	-25	71
-9	-31	60
-4	-19	65
-5	-26	58
-3	-39	62
-5	-34	54
-10	-40	66
-13	-37	54
-17	-32	41
-11	-30	48
-13	-19	44
-6	-20	50
-5	-16	59
-6	30	-6
-6	40	-4
-7	43	4
-8	37	14
-5	26	22
-11	20	29
-5	16	31
-8	8	36
-4	1	37
-9	-7	40
-3	-9	33
-7	-17	38
-3	-25	32
-7	-26	40
-14	-31	37
-6	-37	42
-4	-35	32
-10	-40	33
-6	-46	30
-4	-47	23
-6	-52	11
-21	-53	7
-12	-47	6
-50	-9	14
-63	-12	15
-45	-15	20
-53	-17	18
-59	-17	24
-62	-10	28
-57	-10	22
-49	-13	30
-59	-14	37
-51	-21	33
-54	-18	47
-53	-16	41
-44	-20	38
-43	-19	45
-46	-25	46
-39	-28	40
-40	-33	51
-48	-23	56
-44	-20	55
-36	-27	51
-39	-27	63
-31	-34	56
-32	-28	65
-26	-29	55
-25	-30	67
-22	-34	58
-18	-30	70
-16	-32	59
-15	-37	70
-9	-34	71
-45	-23	23
-39	-33	20
-44	-39	25
-51	-30	19
-58	-24	21
-57	-27	32
-62	-31	28
-54	-35	30
-51	-43	31
-58	-49	26
-57	-49	32
-57	-37	39
-50	-30	35
-44	-35	39
-52	-38	45
-54	-47	38
-48	-48	45
-40	-43	38
-37	-33	36
-30	-37	43
-29	-39	50
-18	-42	59
-14	-48	68
-24	-48	59
-33	-44	54
-35	-45	47
-30	-46	37
-31	-52	52
-33	-50	61
-15	-52	58
-25	-56	58
-26	-51	42
-23	-59	49
-19	-61	60
-12	-66	54
-15	-64	48
-25	-61	42
-20	-61	34
-17	-68	40
-16	-74	45
-19	-83	37
-21	-78	32
-24	-66	26
-24	-76	18
-19	-82	24
-13	-84	29
-49	-53	41
-39	-51	35
-48	-59	41
-42	-63	45
-34	-59	39
-38	-67	42
-31	-70	45
-28	-65	36
-39	-70	39
-33	-78	36
-31	-70	27
31	-77	18
-36	-84	17
-36	-82	24
-38	-75	29
-41	-75	21
-43	-70	16
-42	-66	22
-44	-68	28
-43	-59	33
-50	-56	29
-47	-51	22
-37	-56	26
-39	-54	15
-41	-64	13
-10	-56	55
-11	-47	64
-8	-47	57
-6	-51	51
-15	-44	49
-7	-42	44
-7	-52	45
-13	-48	40
-14	-51	33
-8	-56	26
-3	-65	31
-6	-56	38
-4	-66	39
-7	-62	48
-6	-72	44
-16	-73	38
-18	-69	29
-12	-65	34
-5	-63	24
-16	60	24
-20	-65	24
-17	-59	13
-6	-58	16
-15	-74	25
-5	-83	34
-8	-90	24
-4	-94	15
-2	-86	19
-5	-77	25
-4	-73	21
-14	-66	17
-10	-87	4
-8	-75	8
-13	-77	15
-21	-70	9
-16	-71	12
-5	-71	14
-5	-80	15
-10	-86	11
-12	-93	7
-12	-92	-6
-17	-98	8
-15	-100	-1
-9	-100	6
-11	-98	15
-16	-92	20
-18	-98	8
-23	-96	3
-26	-94	-6
-22	-91	-8
-31	-87	-9
-39	-85	-6
-42	-80	0
-28	-89	1
-34	-84	4
-28	-83	9
-27	-92	13
-26	-86	15
-43	-81	9
-47	-75	10
-43	-72	0
-39	-66	5
-9	-88	-6
-3	-83	1
-16	-79	-4
-9	-77	0
-3	-72	7
-14	-68	-4
-21	-71	0
-26	-56	-3
-20	-62	-3
-12	-62	2
-5	-63	6
-21	-64	4
-21	-52	2
-11	-54	1
-14	-49	-1
-26	-49	-1
-27	-74	-1
-31	-78	-5
-40	-74	-8
-39	-70	-3
-42	-66	-11
-31	-67	-9
-32	-54	-6
-29	-59	-7
-40	-54	-14
-41	-59	-9
-39	-48	-12
-27	-47	-11
-35	-43	-6
-36	-33	-12
-30	-39	-14
-40	-40	-16
-38	-33	-18
-39	-27	-17
-37	-16	-19
-37	-10	-26
-35	-9	-32
-32	-1	-34
-15	-40	-5
-25	-40	-6
-31	-37	-8
-19	-29	-11
-31	-27	-15
-25	-22	-21
-29	-12	-25
-18	-11	-21
-25	-4	-27
-34	13	-27
-36	11	-31
-28	13	-31
-27	6	-33
-44	-62	0
-53	-60	-5
-50	-56	-6
-46	-49	-8
-55	-51	-10
-57	-47	-15
-47	-42	-14
-54	-39	-17
-48	-36	-17
-57	-32	-21
-48	-26	-20
-56	-23	-24
-53	-17	-27
-44	-15	-22
-50	-11	-29
-44	-6	-33
-38	1	-31
-50	-62	11
-50	-59	4
-57	-59	9
-57	-57	2
-62	-47	2
-56	-48	-3
-62	-41	-4
-61	-34	-12
-61	-32	-7
-50	-34	-5
-54	-22	-10
-65	-26	-10
-63	-18	-13
-56	-17	-18
-58	-14	-14
-59	-6	-18
-48	-5	24
56	0	-21
-46	5	-27
-50	-53	9
-49	-46	14
-50	-45	6
-54	-43	0
-52	-35	5
-58	-51	19
-62	-44	15
-52	-39	16
-40	-36	12
-46	-33	9
-64	-39	13
-65	-32	10
-59	-29	3
-65	-25	8
-53	-28	6
-63	-16	3
-60	-20	0
-47	-30	-2
-50	-18	6
-58	-8	3
-45	-21	-1
-43	-16	-7
-59	-5	-2
-52	-10	-9
-49	-4	-14
-57	2	-4
-51	-3	-5
-46	-7	-11
-55	8	-9
-48	4	-19
-50	13	-14
-46	2	-16
-46	16	-20
-43	16	-24
-49	-16	6
-47	-21	10
-41	-24	11
-36	-28	14
